# Created by Octave 3.4.3, Tue Jan 17 19:27:36 2012 Central Standard Time <unknown@unknown>
# name: theta
# type: matrix
# rows: 901
# columns: 1
 1.090151916413614e-005
 0.002075151922725981
 0.0003497568762502716
 0.0008624065769306292
 0.0009129471858679251
 -0.000149234886298091
 0.000790269748868918
 0.0006029262203365268
 8.720120906379734e-005
 0.0007757841665756572
 0.0007481317245661666
 0.0005812366519573079
 0.0001918762681189477
 0.0007168575975052756
 0.0008288000460947625
 -0.0001244963726411534
 0.0009305540006939543
 0.000879718540711045
 2.641898529284406e-005
 0.0008031491280743187
 0.0004644427732670945
 0.0005618177776382463
 0.0001919280593646602
 0.0006739123012066804
 0.0009522358646345536
 -3.717062199991104e-005
 0.0007822525803266151
 0.0008245890420495174
 0.0002596787449402164
 0.0009438547181717103
 0.0009860132791216206
 0.0009763093641648941
 0.0005896818055716825
 0.0004969899652143492
 -0.0002767820828291439
 0.0007072577422353863
 0.0001573652226619799
 -0.0002504967626432351
 0.000116112428620685
 0.0003569349304282083
 0.0004974817580057879
 -0.0002732224227942126
 0.0005760035365819046
 0.0004749586620108637
 -0.0003155793219122758
 0.0006282445995680673
 0.000194034949617972
 -0.0003332495126094085
 0.0004351919750501689
 0.0004204505907605307
 0.0004281686154108243
 -0.0002582619535404473
 0.0002417775415700108
 0.0004984120198173726
 -0.0002559179686192473
 0.0006613686708995879
 0.0004258291222902409
 -0.0002247010329945751
 0.0004151529730157006
 0.0007462532975715459
 0.0005533023178746519
 0.001839676982816735
 0.0005130372232636387
 -9.042293922067454e-005
 0.0005459397992971902
 0.0002350538495744865
 -0.0002596745691946349
 1.099122943620774e-005
 0.0004722410662142104
 0.0002536961567367453
 -0.000134519717644959
 0.0004111015558659744
 0.0002199570899877117
 -0.0002808673755584666
 0.0003197224492554784
 0.0001655225501608168
 -0.0003077953139419907
 0.0001049744683980684
 3.747538594932523e-005
 6.265006528882726e-005
 -0.0001160350187732689
 0.0002353770939761514
 0.0004600465009614184
 -0.0001572441456143127
 0.0002370190079689167
 0.0004128752138808454
 -0.0001178206340141791
 0.0003294953084042617
 0.0009939836631343989
 0.0004211107154553212
 -2.308719857736301e-006
 0.001922783731554778
 -0.000269102956771713
 0.0005589825994076391
 -9.933940092726162e-005
 -0.000563349596362161
 -3.521605013398721e-006
 0.0001296959695510645
 7.153382123804314e-005
 -0.0002774584834710155
 3.268828102076017e-005
 3.195612779030968e-005
 -0.0007040288807049726
 -0.0001914622243181836
 -0.0003680406708869708
 -0.0006235839789970442
 -0.000280271089047022
 -0.00110021448852403
 -0.0004769155067338751
 -0.0002685766527297876
 -0.0001099249985027265
 0.0004235141899398881
 -0.0007833443358086986
 0.0003029469575600423
 -0.0001341410675727003
 -0.001113195862232317
 0.0001661027174369157
 -0.0001029377817270971
 0.0003514204025018762
 -0.0002885780130867889
 0.0009164194880831434
 0.0006931526865283917
 0.000836202370138097
 0.0001976338020022251
 -0.0006012727674665905
 -0.000132098519986436
 0.0001846434410471867
 0.0001336494620841302
 -0.0002977977744846399
 0.0001135163916463556
 -0.0001415162444789208
 -0.0004780623050972752
 -0.0002467107743465316
 -0.000213901539767028
 -0.0004956482061129675
 -0.0003929196448627316
 -0.0003794835456681229
 0.0004174085829402683
 -0.0002973710779342657
 -0.0006669058679637018
 0.0006014140362806757
 -0.000362519140538205
 -0.0002762795848547688
 0.0001374706350003656
 -0.001071241187613238
 -0.0006330423141392752
 -0.0008119384227977113
 3.135409515367576e-005
 -0.0004619570272189834
 0.0002021352686305378
 0.0005009273274614053
 0.001932044434782165
 0.0001170310423653307
 -0.0003223811350505593
 0.0001399175612017826
 0.000269887956247378
 -0.0001966266561887798
 -0.0003885167039775148
 0.0001808356284648495
 6.056656350100188e-005
 -0.0004967347478062569
 -0.0005075762293514972
 -0.0007191344910902617
 -0.0009766295067420586
 -0.0003188819463192821
 -0.0002369520640318344
 -0.0001367066471739841
 -1.366215024454801e-005
 -0.0001403245069170634
 0.00015672092306328
 -0.0006227183443952975
 0.0001716096169667641
 -0.0008754528824083895
 -0.0007679538897422644
 -0.001102605056454171
 -0.0003182660559079888
 -0.001246215917111386
 -0.0009269958709809683
 0.0003257627441631508
 0.0005858262710368827
 -0.0001025512991997221
 0.0009441849724035462
 -0.0002905668190509511
 -0.0001574737451999077
 -0.0004653943372402836
 -0.0001668790191779825
 -0.000289158318005275
 5.759453885588047e-006
 0.0001124356176121709
 -0.001030139708506524
 -8.301170019924226e-005
 -0.0005559321252431193
 -0.0004460419405849575
 0.0001281442360423626
 -0.0003152052382648993
 0.0001873656810810121
 0.0003131091957777682
 5.144954705537759e-005
 0.0005643224802697972
 -0.0003575455048980758
 -0.0003877078460372451
 -0.0006141167404533934
 -0.0008959502382312793
 -0.001692604228680722
 -0.001494396752851853
 -0.001967791401098158
 -0.001347522126144264
 -0.0003608624260785066
 2.494583777068922e-005
 -0.0004866243603816446
 0.0005100267781575159
 0.001174661161562759
 0.0003201552559441928
 0.0002694895081216905
 -0.0003033902297440094
 -0.0001802267878952853
 -3.734700572596725e-005
 0.0001596530069124518
 -0.000475195109277427
 8.573303862014095e-005
 -0.0002823763222504633
 -0.0005036759377341584
 -0.0008464093344120896
 -0.001035903822421166
 0.0001397476482949535
 0.000128641131528946
 0.0001203745441023152
 0.001115389094237344
 -0.0002335764420527815
 0.0002442394143558325
 0.0006049961075528192
 -0.001345654545854942
 -0.001389584917534398
 -0.000504734630494478
 -0.0006070153919882492
 -0.0002579519242139711
 -0.0002485550181691352
 -0.0008624265386512935
 -0.0003526535360104998
 0.0004863103522783632
 0.0003269268956161135
 0.001987010859420003
 0.0004661564372569929
 -0.0002677329050028887
 -0.0004834859919628062
 -4.888438657561472e-006
 0.0007760695332011732
 7.529746907404348e-005
 0.0005770452485931133
 0.0005944380846303972
 4.817450731442757e-006
 -0.001472209670490985
 -0.002140600744060713
 -0.0004744659155890679
 -0.0002437012834914396
 -0.0004127962555345677
 0.0002733713211318008
 -0.0002048289960605506
 0.001006732751399775
 -8.063478404760626e-005
 -0.001124554870117723
 0.0006982329875396242
 0.0001269860650396202
 -0.0001217312860174139
 4.874253321431739e-005
 -0.0004077672672891333
 -0.0003150032092145518
 -0.001495144658285325
 4.350486122980184e-005
 -3.977711993496539e-005
 0.0003526160362297001
 0.001413110076327648
 0.0005725172668629457
 -0.0004014086343365484
 -0.0002155970509597693
 8.240311140109105e-005
 -0.000101704526398966
 0.0007733361399939548
 0.0004667496336439498
 -5.561993863448171e-005
 0.0002227074148053493
 -0.001950928742083025
 -0.001382711649227481
 -0.001852278861819023
 -3.699537623904733e-006
 -0.0001369901894735418
 -0.0008270503444034135
 -9.697586520038348e-006
 -0.0003065447262996292
 -0.001198457817039102
 0.0002602471664063423
 -0.0002220155785616047
 -0.0007893179708058306
 -7.078696056483101e-005
 -5.273356663424488e-005
 -0.001087431303186638
 -0.0003805024283913057
 -0.001395300743626135
 -0.0001179827479995474
 -0.0002616808816380544
 0.0001189817072714336
 0.001575596075185847
 -0.0001613731773487052
 0.0006198231825621246
 0.0002409242525283164
 -0.0005266226086817074
 -2.211446199678408e-005
 0.0003736804219818902
 0.0001014037084421855
 -0.0004992191640705899
 0.0005607141361302397
 -0.0008599165620293564
 -0.0002008043505147927
 0.00048783008732589
 0.00013982423477564
 -0.0001871229331919715
 -6.413434920304287e-005
 0.001049633206396562
 0.0001219214611346225
 0.0001674055673522211
 -0.000530961467582989
 -0.0005550957928245108
 -0.0006630407734189299
 -0.0003165302865630978
 -0.0001808918292758182
 -0.0009793005128637335
 0.0003213361719227388
 -0.0008406238104763943
 -0.0004151497510740886
 0.0004999091798894973
 0.0005784730557985516
 0.000795531875035914
 0.0005632644274680895
 0.0003780586678207335
 -0.0005084297776386302
